6666000158848820
6666000158848813
6666000158848823
6666000158848789
6666000158848825
6666000158848832
6666000158848826
6666000158848851
6666000158848828
6666000158848856
6666000158848858
6666000158848890
6666000158848865
6666000158848866
6666000158848849
6666000158848867
6666000158848871
6666000158848896
6666000158848898
6666000158848875
6666000158848878
6666000158848887
6666000158848889
6666000158848930
6666000158848911
6666000158848908
6666000158848940
6666000158848924
6666000158848933
6666000158848929
6666000158848937
6666000158848944
6666000158848939
6666000158848970
6666000158848961
6666000158848958
6666000158848972
6666000158848992
6666000158849000
6666000158849002
6666000158848949
6666000158848998
6666000158849010
6666000158848975
6666000158848984
6666000158848985
6666000158849024
6666000158848989
6666000158849016
6666000158849051
6666000158849043
6666000158849053
6666000158849045
6666000158849060
6666000158849063
6666000158849058
6666000158849080
6666000158849081
6666000158849087
6666000158849088
6666000158849111
6666000158849096
6666000158849114
6666000158849115
6666000158849117
6666000158849130
6666000158849121
6666000158849133
6666000158849135
6666000158849144
6666000158849137
6666000158849139
6666000158849150
6666000158849151
6666000158861118
6666000158861131
6666000158861128
6666000158861119
6666000158849529
6666000158849531
